
1560731519786 1 1 l
1560731521443 1 2 r 2 2
1560731521801 1 2 s 2
1560731523490 1 3 r 2 3
1560731523815 1 3 s 2
1560731525843 1 4 l
1560731527852 1 5 l
1560731529861 1 6 l
1560731531875 1 7 l
1560731533628 1 8 r 2 8
1560731533889 1 8 l
1560731535897 1 9 l
1560731537903 1 10 l
1560731539918 1 11 s 2
1560731541950 1 12 s 2
1560731543970 1 13 l
1560731545814 1 14 r 2 14
1560731545978 1 14 s 2
1560731547861 1 15 r 2 15
1560731547995 1 15 l
1560731550003 1 16 s 2
1560731551957 1 17 r 2 17
1560731552232 1 17 l
1560731554109 1 18 r 2 18
1560731554240 1 18 s 2
1560731556257 1 19 r 2 19
1560731556257 1 19 s 2
1560731558285 1 20 s 2
1560731560336 1 21 l
1560731562360 1 22 l
1560731562403 1 22 r 2 22
1560731564366 1 23 l
1560731564449 1 23 r 2 23
1560731566370 1 24 l
1560731566482 1 24 r 2 24
1560731568372 1 25 s 2
1560731568540 1 25 r 2 25
1560731570391 1 26 l
1560731572402 1 27 s 2
1560731572633 1 27 r 2 27
1560731574422 1 28 l
1560731576433 1 29 s 2
1560731578461 1 30 l